MutagenObjectType: PlacedObject
FormKey: 0E43F8:Starfield.esm
FormVersion: 576
Version2: 2
Base: 123BED:Starfield.esm
ReferenceGroup: 0E43F6:Starfield.esm
Position: -5.0944924, 1.072497, -1.25
Rotation: 0.008485598, 0.0022057795, 4.712389
