MutagenObjectType: PlacedObject
FormKey: 37AB91:Starfield.esm
FormVersion: 576
Version2: 1
Base: 0991A6:Starfield.esm
Position: 3.4528, 0.27767578, -0.6606
Rotation: 0, -0, 4.712389
