MutagenObjectType: PlacedObject
FormKey: 37ABFA:Starfield.esm
FormVersion: 576
Version2: 1
Base: 1401DD:Starfield.esm
Position: 3.362, 0.29470637, -0.3255
Rotation: 0.00051645964, -1.9223754E-07, 4.712389
