MutagenObjectType: PlacedObject
FormKey: 37ACF2:Starfield.esm
FormVersion: 576
Version2: 2
Base: 12E1A9:Starfield.esm
Position: -2.510266, -1.6554465, -0.2842
Rotation: 0, 0, 3.1415927
