MutagenObjectType: PlacedObject
FormKey: 37AC61:Starfield.esm
FormVersion: 576
Version2: 1
Base: 00AB5C:Starfield.esm
Position: 0.796633, 1.7574607, -0.8083
Rotation: 0.0023585462, 0.00067064154, 1.2500061
