MutagenObjectType: PlacedObject
FormKey: 37ACA0:Starfield.esm
FormVersion: 576
Version2: 1
Base: 11EDD1:Starfield.esm
Position: 0.86215585, 1.44557, -0.7871
Rotation: 1.5702688, 0.35379064, 0.0010437387
