MutagenObjectType: PlacedObject
FormKey: 37AD71:Starfield.esm
FormVersion: 576
Version2: 1
Base: 257A87:Starfield.esm
Position: 3.1322, -0.005258239, -1.25
Rotation: 0, -0, 0.0070000007
