MutagenObjectType: PlacedObject
FormKey: 37AD14:Starfield.esm
FormVersion: 576
Version2: 1
Base: 19A689:Starfield.esm
Scale: 0.89
Position: 2.8172965, -1.4345142, -0.8
Rotation: 0, -0, 4.712389
