MutagenObjectType: PlacedObject
FormKey: 37AD8A:Starfield.esm
FormVersion: 576
Version2: 1
Base: 2B183E:Starfield.esm
LayeredMaterialSwaps:
- 02E3A7:Starfield.esm
Position: 2.8584557, -0.92076516, -0.6851
Rotation: 0.7235526, 0.9196073, 0.83775747
