MutagenObjectType: PlacedObject
FormKey: 37AEA8:Starfield.esm
FormVersion: 576
Version2: 1
Base: 08F030:Starfield.esm
Position: 3.4044, 0.9307125, -1.2694769
Rotation: 5.7599776E-16, -1.4399972E-13, 6.279186
