MutagenObjectType: PlacedObject
FormKey: 37AE4F:Starfield.esm
FormVersion: 576
Version2: 1
Base: 14022D:Starfield.esm
Position: 2.6716375, -1.6565583, -0.7978
Rotation: 0.0021099425, -0.0023260876, 2.0153625
