MutagenObjectType: PlacedObject
FormKey: 37AEF1:Starfield.esm
FormVersion: 576
Version2: 1
Base: 140210:Starfield.esm
Position: 3.3156, -0.61832017, -0.6465
Rotation: 0.00051645964, -1.9223754E-07, 4.712389
