MutagenObjectType: PlacedObject
FormKey: 37AE79:Starfield.esm
FormVersion: 576
Version2: 1
Base: 23753C:Starfield.esm
Scale: 1.1999999
Position: -5.6001563, -1.5899, -1.25
Rotation: 0, 0, 3.133499
